funcStr = "pol2(0)+exp([p3]+[p4]*x)+[p5]*log(x)^[p6]"
params = 76.18 -1.983e-05 -1.631e-10 0.8107 -0.0002897 -81.71 -0.03461
arealDensity = 75.0
materialDensity = 2.635
#0 - 20000 keV