funcStr = "pol2(0)+[3]*exp([4]*x)+[5]*log(x)^[6]"
params = -61.43 -0.0002542 6.602e-09 -2.538 -0.00162 63.77 0.006405
arealDensity = 75.0
materialDensity = 2.635